20 5

74 26 17 42 12
17 20 31 76 10
64 36 65 61 49
53 50 98 80 93
48 47 97 80 43
13 34 57 53 13
66 38 93 33 44
62 71 93 72 22
76 83 20 55 35
99 69 57 73 10
70 41 16 69 98
98 90 88 76 94
24 63 62 25 34
80 50 93 33 90
40 49 67 79 75
58 66 79 57 43
16 27 75 16 13
94 15 81 18 100
99 58 43 13 43
78 58 28 42 18

2.66 4.57 1.38 3.63 4.68
4.69 1.46 3.37 2.58 1.56
4.86 3.89 1.76 2.35 1.53
1.78 2.02 3.19 0.77 2.59
3.03 0.88 3.18 2.70 1.20
4.76 4.70 3.40 1.72 3.36
4.44 2.75 2.32 3.79 2.12
2.99 4.13 2.51 3.50 1.72
4.56 3.98 1.38 1.41 0.69
3.22 1.89 3.10 2.57 3.24
0.60 1.54 1.46 2.07 3.47
1.51 1.73 1.65 1.16 0.94
0.68 4.09 0.73 1.12 0.84
1.76 3.41 4.81 4.90 0.72
0.72 1.26 1.14 2.65 3.12
4.52 3.18 1.89 1.75 4.54
0.93 4.93 2.09 0.76 2.15
2.37 2.37 1.23 2.93 0.89
4.58 1.51 3.97 4.07 1.56
4.95 1.70 4.50 1.14 1.91
