50 10

65 28 61 54 23 17 20 44 35 39
33 51 35 27 67 59 81 87 25 47
76 82 42 71 92 90 13 90 99 68
17 59 62 54 67 92 47 26 48 10
66 93 60 17 37 49 76 33 54 86
22 13 82 78 88 37 20 34 58 99
11 62 100 40 50 88 38 62 60 95
76 91 74 22 43 13 53 27 66 63
49 63 26 59 38 98 76 59 64 85
73 74 17 28 10 56 53 93 16 45
70 35 16 38 32 24 29 89 83 85
74 60 72 65 87 89 99 15 81 39
40 93 26 45 79 44 27 58 86 61
57 85 24 23 90 50 59 79 37 74
67 70 18 63 22 71 15 88 47 13
90 64 88 44 71 10 56 72 42 10
41 97 20 24 20 63 63 86 59 87
57 66 28 92 61 83 62 99 19 25
42 53 97 10 57 31 22 72 90 58
75 41 60 51 20 52 100 33 24 97
41 52 78 12 38 10 55 66 38 75
54 65 70 75 58 63 43 95 83 62
39 80 84 25 77 94 34 50 21 87
56 17 93 14 90 80 75 78 52 35
58 57 34 42 39 48 85 52 92 86
83 29 72 38 16 16 44 42 67 35
16 68 82 16 19 78 90 94 90 81
32 66 64 48 37 91 10 28 54 40
40 98 48 40 61 90 90 29 17 83
43 78 28 87 49 34 33 70 95 29
27 39 75 63 60 24 27 43 98 10
88 36 100 66 97 48 74 20 79 56
87 67 34 33 12 32 31 50 45 42
63 29 35 41 33 97 83 18 93 57
89 17 57 28 92 35 67 46 94 51
23 95 17 42 63 11 94 35 90 18
85 76 81 90 57 64 49 74 57 69
32 98 61 69 44 30 95 77 11 15
28 12 14 90 87 52 82 33 75 82
79 48 53 73 81 98 60 78 70 26
32 35 79 34 63 78 72 39 91 63
72 23 64 59 33 48 30 35 42 82
19 71 33 81 17 75 86 97 99 24
43 45 35 87 62 65 40 52 90 10
39 69 49 25 65 86 30 73 79 83
45 51 64 12 55 47 38 31 38 92
78 63 76 30 68 88 43 29 83 23
35 22 20 14 86 35 38 94 90 100
45 52 95 27 94 100 98 42 47 64
70 95 37 67 35 32 35 15 36 99

2.03 4.80 2.70 0.77 2.66 2.13 3.55 4.44 2.84 2.09
3.48 2.16 1.53 2.42 2.84 3.07 2.68 0.88 4.40 4.92
4.15 0.79 1.20 0.71 4.21 3.60 1.67 3.90 1.48 1.13
4.80 0.72 1.45 2.84 4.28 0.68 4.88 2.51 3.44 2.99
2.33 0.85 3.16 2.55 4.72 2.85 2.37 3.12 1.82 1.44
1.02 4.89 1.20 2.44 0.68 3.77 1.82 1.89 2.44 4.57
2.34 1.87 2.76 3.82 0.76 2.33 1.65 3.04 1.52 4.27
3.47 2.12 4.73 2.17 4.92 2.74 1.88 0.94 0.94 1.39
1.25 1.50 4.43 4.57 2.20 4.42 4.19 2.43 4.05 1.08
2.63 3.79 3.93 3.35 2.27 1.09 3.90 3.16 1.99 2.60
3.83 3.72 1.02 2.04 2.21 2.67 1.83 3.99 4.17 4.19
1.88 4.49 0.57 3.24 2.38 1.41 3.05 1.77 2.07 4.79
3.24 2.99 2.42 2.26 2.10 1.53 4.23 4.84 0.54 3.34
4.94 3.72 1.44 2.45 2.00 2.16 3.56 3.33 1.51 3.99
2.91 1.43 4.88 2.23 1.46 4.94 0.86 2.75 1.64 2.93
2.18 3.46 0.72 1.56 1.81 3.73 2.40 3.33 1.57 4.05
2.98 3.16 2.80 2.43 4.47 4.74 2.60 0.77 1.99 1.02
2.24 4.04 4.76 3.03 2.30 2.64 4.85 4.84 4.64 2.49
0.84 3.88 3.46 4.29 4.81 1.66 1.67 1.60 3.75 1.98
4.75 2.56 3.19 1.44 1.28 1.51 3.77 4.50 0.81 1.70
3.33 1.34 1.68 2.88 1.94 3.31 0.60 1.83 2.39 1.91
3.73 4.81 2.82 4.04 3.00 0.73 0.89 0.85 2.86 2.94
3.88 2.14 2.41 0.88 1.78 3.95 2.00 2.45 3.21 0.54
1.06 3.72 3.96 3.60 2.38 1.54 3.40 1.00 4.49 1.23
4.35 2.61 4.21 1.52 4.14 4.95 3.21 3.17 2.37 4.04
2.65 4.78 0.75 4.50 1.36 4.61 4.83 3.94 3.02 4.46
3.24 3.21 4.69 0.75 1.83 4.83 4.05 0.58 3.04 1.21
0.54 4.94 0.63 3.70 1.89 1.33 4.07 1.00 3.76 1.31
2.69 0.77 1.89 2.12 4.30 0.85 2.69 3.35 4.54 4.50
2.48 2.02 2.90 4.12 2.18 3.06 1.96 2.13 3.83 0.99
3.04 2.73 2.54 0.65 2.48 1.20 3.92 3.88 1.02 4.06
4.94 2.68 2.16 1.09 2.01 3.13 4.75 4.57 2.25 1.37
4.09 2.65 4.37 1.56 1.41 2.97 0.77 0.93 1.66 2.49
1.42 1.11 3.03 2.58 3.17 4.48 2.32 2.94 3.84 3.21
1.70 2.41 1.61 2.55 2.58 3.17 2.04 4.61 3.02 1.72
4.46 2.60 1.37 1.27 3.48 4.37 1.65 2.03 2.28 1.73
1.51 1.18 2.46 0.95 3.52 2.13 1.08 3.51 2.23 4.94
1.06 1.34 4.14 0.66 1.83 3.71 3.81 1.67 2.42 1.37
3.78 2.77 2.74 0.79 1.40 1.60 1.78 3.66 2.42 1.77
1.55 0.64 4.59 4.55 4.62 0.64 4.35 1.14 4.84 2.84
4.18 3.96 2.00 3.89 0.68 3.39 2.87 3.93 4.74 3.12
2.86 2.20 1.55 3.34 4.98 4.01 2.01 0.75 4.42 0.76
0.78 1.61 3.41 2.97 1.76 0.90 0.93 4.02 1.94 3.01
4.54 0.68 1.16 0.82 1.13 1.48 1.79 2.33 3.69 2.18
1.57 3.91 0.52 0.74 1.57 4.20 3.39 4.61 1.02 3.10
2.17 4.94 2.56 2.77 4.96 4.61 1.01 1.15 3.14 2.80
4.02 3.23 2.88 1.05 4.99 0.61 4.77 1.56 2.43 4.43
1.08 3.31 2.11 3.69 3.61 0.52 1.81 2.53 3.41 1.57
0.58 3.92 0.57 3.32 0.50 2.98 3.63 2.66 3.63 3.35
4.40 3.46 4.38 4.33 3.35 0.57 2.44 4.49 1.38 1.49
